32
135
251
425
594
725
762
674
461
163
-147
-381
-465
-373
-138
155
393
477
366
94
-236
-489
-551
-382
-34
358
629
651
392
-59
-524
-803
-758
-380
196
736
1004
857
324
-395
-1004
-1226
-933
-209
667
1324
1457
965
11
-1026
-1699
-1684
-931
289
1481
2121
1883
801
-718
-2045
-2582
-2029
-541
1305
2729
3070
2089
109
-2085
-3545
-3567
-2018
555
3110
4518
4056
1756
-1538
-4465
-5695
-4516
-1205
2992
6310
7177
4927
191
-5228
-8999
-9215
-5270
1693
9029
13498
12552
5527
-5732
-17151
-23575
-20485
-5688
19607
50774
80888
102662
110599
102662
80888
50774
19607
-5688
-20485
-23575
-17151
-5732
5527
12552
13498
9029
1693
-5270
-9215
-8999
-5228
191
4927
7177
6310
2992
-1205
-4516
-5695
-4465
-1538
1756
4056
4518
3110
555
-2018
-3567
-3545
-2085
109
2089
3070
2729
1305
-541
-2029
-2582
-2045
-718
801
1883
2121
1481
289
-931
-1684
-1699
-1026
11
965
1457
1324
667
-209
-933
-1226
-1004
-395
324
857
1004
736
196
-380
-758
-803
-524
-59
392
651
629
358
-34
-382
-551
-489
-236
94
366
477
393
155
-138
-373
-465
-381
-147
163
461
674
762
725
594
425
251
135
32
