6.08238721348022398e-05
0.000257277412484404906
0.000479468432151437069
0.000810768832453927202
0.00113355163490691199
0.00138206494047913068
0.00145266933550254563
0.0012863609195526871
0.000880041049435330964
0.000310469320051875368
-0.000280919291791333905
-0.000725945290492888075
-0.000887216872837129637
-0.000712177042816582563
-0.000262718394299464987
0.000296042259253574442
0.000748925154672747811
0.00090997622601299039
0.000698369838160691142
0.000179454078772853346
-0.000449997767046251217
-0.000932293988116960812
-0.00105147953889378975
-0.000727930930953975481
-6.40209826106819354e-05
0.000683457672786445098
0.00119944995127042224
0.00124100905439192689
0.000748568180075713475
-0.000111704956588116241
-0.000999449859668583842
-0.00153185640818322339
-0.00144630568359324098
-0.000725455321518429243
0.000373170072050622501
0.0014046993728912935
0.0019141433902673977
0.00163421436743519592
0.000618568194720504048
-0.000753466236531811118
-0.00191407622641002204
-0.0023388934943553031
-0.00178009339338260943
-0.000398504442766113803
0.00127176154429196019
0.00252528739773663592
0.00277978822157611384
0.00184126417117678976
2.15389278174431881e-05
-0.0019560918394598511
-0.00323966900079179993
-0.00321103925953149108
-0.00177589166984582565
0.0005518161599946575
0.00282540709929870711
0.00404500701626971017
0.00359130325438704627
0.00152809281790328134
-0.00137039176412878032
-0.00390109251720843417
-0.00492473094862979407
-0.00387052892554480468
-0.00103243462594083154
0.00248919837591944724
0.00520437724607073892
0.00585490057485644859
0.00398499474309659592
0.000207480052281118629
-0.00397644319430478371
-0.00676126411049444986
-0.00680337152635027316
-0.00384944204252053593
0.00105939467271321821
0.00593213127987873672
0.00861820018279196506
0.00773622900397723679
0.00334875429598622317
-0.0029337649283680124
-0.00851590795149538213
-0.0108620255896833655
-0.00861342980725626241
-0.0022989552325501806
0.00570710066400924743
0.0120349250051505104
0.0136886714004168276
0.00939746305097796317
0.000364515511547737535
-0.0099711585065732633
-0.0171648555998992446
-0.0175753024035932535
-0.0100510947878600983
0.00322986312415386159
0.0172223454284243863
0.0257461027008620523
0.0239405128336333262
0.0105427767466945797
-0.010933760641233161
-0.0327136507482008038
-0.0449666511549689507
-0.0390713358222681481
-0.0108484575546818167
0.037397272228276747
0.0968438368498543284
0.154281485982012273
0.195811449057450321
0.210951712880696418
0.195811449057450321
0.154281485982012273
0.0968438368498543284
0.037397272228276747
-0.0108484575546818167
-0.0390713358222681481
-0.0449666511549689507
-0.0327136507482008038
-0.010933760641233161
0.0105427767466945797
0.0239405128336333262
0.0257461027008620523
0.0172223454284243863
0.00322986312415386159
-0.0100510947878600983
-0.0175753024035932535
-0.0171648555998992446
-0.0099711585065732633
0.000364515511547737535
0.00939746305097796317
0.0136886714004168276
0.0120349250051505104
0.00570710066400924743
-0.0022989552325501806
-0.00861342980725626241
-0.0108620255896833655
-0.00851590795149538213
-0.0029337649283680124
0.00334875429598622317
0.00773622900397723679
0.00861820018279196506
0.00593213127987873672
0.00105939467271321821
-0.00384944204252053593
-0.00680337152635027316
-0.00676126411049444986
-0.00397644319430478371
0.000207480052281118629
0.00398499474309659592
0.00585490057485644859
0.00520437724607073892
0.00248919837591944724
-0.00103243462594083154
-0.00387052892554480468
-0.00492473094862979407
-0.00390109251720843417
-0.00137039176412878032
0.00152809281790328134
0.00359130325438704627
0.00404500701626971017
0.00282540709929870711
0.0005518161599946575
-0.00177589166984582565
-0.00321103925953149108
-0.00323966900079179993
-0.0019560918394598511
2.15389278174431881e-05
0.00184126417117678976
0.00277978822157611384
0.00252528739773663592
0.00127176154429196019
-0.000398504442766113803
-0.00178009339338260943
-0.0023388934943553031
-0.00191407622641002204
-0.000753466236531811118
0.000618568194720504048
0.00163421436743519592
0.0019141433902673977
0.0014046993728912935
0.000373170072050622501
-0.000725455321518429243
-0.00144630568359324098
-0.00153185640818322339
-0.000999449859668583842
-0.000111704956588116241
0.000748568180075713475
0.00124100905439192689
0.00119944995127042224
0.000683457672786445098
-6.40209826106819354e-05
-0.000727930930953975481
-0.00105147953889378975
-0.000932293988116960812
-0.000449997767046251217
0.000179454078772853346
0.000698369838160691142
0.00090997622601299039
0.000748925154672747811
0.000296042259253574442
-0.000262718394299464987
-0.000712177042816582563
-0.000887216872837129637
-0.000725945290492888075
-0.000280919291791333905
0.000310469320051875368
0.000880041049435330964
0.0012863609195526871
0.00145266933550254563
0.00138206494047913068
0.00113355163490691199
0.000810768832453927202
0.000479468432151437069
0.000257277412484404906
6.08238721348022398e-05
